# label:color_rgb:parts:actions
DiaChua:51,221,255::
GiayKhangSinh:240,120,240::
VungVoKhuan:102,255,102::
background:0,0,0::

vvk [33.232375355743244, 40.750715400622155, 44.691818703012814] [66.98171028656485, 77.95855061488963, 81.02111158136245]
gks [125.12884678673095, 138.9485195321379, 145.21001043924534] [208.68510058677685, 220.62379346491574, 226.92211871478392]

dc [38.6351530764146, 47.09455755779101, 52.19167809621765] [99.84205807847039, 112.90970432659722, 120.04980226011679]


//dc
[40.38468533476484, 49.240048946486034, 53.96235322041261] [101.66640524609224, 114.69617353040124, 121.78266246017313]
//gks
[126.60285822121041, 140.2869895548091, 146.46139839088465] [210.7803239464768, 222.3998203893222, 228.6677646895513]
vvk
[32.2084267449019, 39.6612831004534, 44.30325282389873] [65.21472150134665, 76.36149918574242, 79.72290027683793]
